source_id: "laserline"
features:
  - id: 0
    source: [0.107003, 1.93954, 0.0]
    target: [0.0890423, -2.06858, 0.0]
    description: imark_line_laserline_0
  - id: 1
    source: [0.104718, -2.0954, 0.0]
    target: [9.90223, -2.13296, 0.0]
    description: imark_line_laserline_1
  - id: 2
    source: [9.90566, -2.08264, 0.0]
    target: [9.92328, 1.96418, 0.0]
    description: imark_line_laserline_2
  - id: 3
    source: [9.90382, 1.97158, 0.0]
    target: [0.106887, 1.95106, 0.0]
    description: imark_line_laserline_3
