source_id: "laserline"
features:
  - id: 0
    source: [0.0953861, 0.985074, 0.0]
    target: [0.0935511, -1.12636, 0.0]
    description: imark_line_laserline_0
  - id: 1
    source: [0.0920423, -1.11621, 0.0]
    target: [9.88179, -1.12569, 0.0]
    description: imark_line_laserline_1
  - id: 2
    source: [9.89561, -1.1116, 0.0]
    target: [9.92046, 1.02139, 0.0]
    description: imark_line_laserline_2
  - id: 3
    source: [9.90445, 1.01051, 0.0]
    target: [0.102299, 0.972631, 0.0]
    description: imark_line_laserline_3
