source_id: "laserline"
features:
  - id: 0
    source: [-0.100682, 1.0529, 0.0]
    target: [-0.102517, -1.05853, 0.0]
    description: imark_line_laserline_0
  - id: 1
    source: [-0.117983, -1.04852, 0.0]
    target: [9.69995, -1.08564, 0.0]
    description: imark_line_laserline_1
  - id: 2
    source: [9.69995, -1.08564, 0.0]
    target: [9.73904, 1.01958, 0.0]
    description: imark_line_laserline_2
  - id: 3
    source: [9.70852, 1.06438, 0.0]
    target: [-0.0936303, 1.0265, 0.0]
    description: imark_line_laserline_3
